INFO: Calculated in 936.62487s
INFO: Peak memory usage 42.0MB

B(x) = x1*(1024.5190004944*x1 + 4197.41400680378*x2 + 7246.13826378649*x3 + 6795.6986424163*x4 + 3792.25403146834*x5 + 1282.0234787398*x6 + 248.160407950485*x7 + 27.869832980457*x8) + x2*(4197.41400680378*x1 + 17377.848963117*x2 + 29981.2231167586*x3 + 28164.1863334523*x4 + 15731.2090083026*x5 + 5325.89031668131*x6 + 1032.32835180851*x7 + 116.151884261232*x8) + x3*(7246.13826378649*x1 + 29981.2231167586*x2 + 51835.5903001015*x3 + 48729.8957371921*x4 + 27257.3884224757*x5 + 9243.30520135738*x6 + 1794.70233491488*x7 + 202.306431002597*x8) + x4*(6795.69864241629*x1 + 28164.1863334523*x2 + 48729.8957371921*x3 + 45884.7232584429*x4 + 25711.2023556893*x5 + 8741.33107840833*x6 + 1702.17311600423*x7 + 192.405855364386*x8) + x5*(3792.25403146833*x1 + 15731.2090083026*x2 + 27257.3884224756*x3 + 25711.2023556892*x4 + 14446.6215939602*x5 + 4930.04233626017*x6 + 964.915161669488*x7 + 109.567854392332*x8) + x6*(1282.0234787398*x1 + 5325.89031668129*x2 + 9243.30520135736*x3 + 8741.33107840832*x4 + 4930.04233626017*x5 + 1693.69943234119*x6 + 334.284657286155*x7 + 38.3841166838903*x8) + x7*(248.160407950484*x1 + 1032.32835180851*x2 + 1794.70233491487*x3 + 1702.17311600423*x4 + 964.915161669488*x5 + 334.284657286155*x6 + 67.6687349656513*x7 + 7.81001811519006*x8) + x8*(27.8698329804569*x1 + 116.151884261232*x2 + 202.306431002597*x3 + 192.405855364386*x4 + 109.567854392332*x5 + 38.3841166838904*x6 + 7.81001811519006*x7 + 1.06146652606209*x8)

P = [[1.02451900e+03, 4.19741401e+03, 7.24613826e+03, 6.79569864e+03,
      3.79225403e+03, 1.28202348e+03, 2.48160408e+02, 2.78698330e+01],
     [4.19741401e+03, 1.73778490e+04, 2.99812231e+04, 2.81641863e+04,
      1.57312090e+04, 5.32589032e+03, 1.03232835e+03, 1.16151884e+02],
     [7.24613826e+03, 2.99812231e+04, 5.18355903e+04, 4.87298957e+04,
      2.72573884e+04, 9.24330520e+03, 1.79470233e+03, 2.02306431e+02],
     [6.79569864e+03, 2.81641863e+04, 4.87298957e+04, 4.58847233e+04,
      2.57112024e+04, 8.74133108e+03, 1.70217312e+03, 1.92405855e+02],
     [3.79225403e+03, 1.57312090e+04, 2.72573884e+04, 2.57112024e+04,
      1.44466216e+04, 4.93004234e+03, 9.64915162e+02, 1.09567854e+02],
     [1.28202348e+03, 5.32589032e+03, 9.24330520e+03, 8.74133108e+03,
      4.93004234e+03, 1.69369943e+03, 3.34284657e+02, 3.83841167e+01],
     [2.48160408e+02, 1.03232835e+03, 1.79470233e+03, 1.70217312e+03,
      9.64915162e+02, 3.34284657e+02, 6.76687350e+01, 7.81001812e+00],
     [2.78698330e+01, 1.16151884e+02, 2.02306431e+02, 1.92405855e+02,
      1.09567854e+02, 3.83841167e+01, 7.81001812e+00, 1.06146653e+00]]

U = [0]]

H = [[-3.01438578e-01,  3.46016379e-01, -3.06094344e-01,  2.05020802e-01,
      -8.81831747e-02,  1.19526046e-02, -1.43838147e-02,  5.34417548e-03],
     [ 1.58799409e+00, -1.78563660e+00,  1.51343312e+00, -9.31679351e-01,
       3.26482648e-01, -8.90570945e-03,  1.08490241e-01, -4.67629531e-02],
     [-2.40094313e+00,  2.61309531e+00, -2.06264336e+00,  1.07866637e+00,
      -1.96156675e-01, -9.34010880e-02, -2.39820231e-01,  8.88833685e-02],
     [-1.95374780e-01,  3.08801161e-01, -4.08750373e-01,  4.31509430e-01,
      -3.16523868e-01,  8.92979073e-02,  6.44672215e-02, -3.64764512e-03],
     [ 1.94535576e+00, -2.06378304e+00,  1.53271421e+00, -6.70962414e-01,
      -2.48194093e-02,  1.41604382e-01,  2.41675982e-01, -8.42138309e-02],
     [ 1.26136728e+00, -1.44395668e+00,  1.25274545e+00, -7.97286190e-01,
       2.92021314e-01,  2.05948785e-03,  6.46755092e-02, -5.01656460e-02],
     [-8.13818579e-01,  7.44305513e-01, -3.49797467e-01, -1.26235563e-01,
       3.55026302e-01, -1.57786421e-01, -2.05295158e-01,  4.07655461e-02],
     [-2.00171100e+00,  2.09061234e+00, -1.49062648e+00,  5.64630813e-01,
       1.36530774e-01, -1.82250801e-01, -2.79367850e-01,  9.65919403e-02],
     [-1.33314871e+00,  1.50438577e+00, -1.25593440e+00,  7.33000929e-01,
      -2.00637126e-01, -5.00902542e-02, -9.01723349e-02,  7.40002406e-02],
     [ 5.28274450e-01, -3.93193027e-01,  2.54442505e-02,  3.45536055e-01,
      -4.35124069e-01,  1.39722395e-01,  2.09501816e-01, -6.47646528e-03],
     [ 2.06834151e+00, -2.05286300e+00,  1.29231356e+00, -2.50982421e-01,
      -4.08718534e-01,  2.48363802e-01,  3.82589845e-01, -8.72559261e-02],
     [ 1.99657001e+00, -2.10817115e+00,  1.53355883e+00, -6.17964483e-01,
      -1.01628344e-01,  1.83855906e-01,  2.65309581e-01, -1.12820004e-01],
     [ 9.14196598e-02, -2.63285356e-01,  4.36306007e-01, -4.96093198e-01,
       3.44529580e-01, -3.97537158e-02, -1.20536518e-01, -6.17437164e-02],
     [-2.39489670e+00,  2.26994711e+00, -1.27602136e+00,  2.75800671e-02,
       6.45951701e-01, -2.81277416e-01, -5.23657097e-01,  3.65945358e-02],
     [-2.76827242e+00,  2.78777345e+00, -1.82700283e+00,  4.74520010e-01,
       4.22243975e-01, -2.85122745e-01, -4.82230208e-01,  1.00990540e-01],
     [ 2.75335274e+00, -2.55238695e+00,  1.38470582e+00,  3.00514884e-02,
      -7.47090366e-01,  2.83109464e-01,  6.13538812e-01,  9.29168540e-03]]

gamma = 938676.1993235704
lambda = 1313998.6680666741
